6.580000000000000000e+02
5.220000000000000000e+02
4.560000000000000000e+02
4.920000000000000000e+02
9.800000000000000000e+01
8.690000000000000000e+02
1.516000000000000000e+03
9.490000000000000000e+02
2.108000000000000000e+03
2.040000000000000000e+02
9.400000000000000000e+01
7.360000000000000000e+02
6.430000000000000000e+02
2.010000000000000000e+02
7.190000000000000000e+02
4.470000000000000000e+02
7.150000000000000000e+02
7.910000000000000000e+02
5.090000000000000000e+02
3.080000000000000000e+02
5.900000000000000000e+02
1.322000000000000000e+03
1.683000000000000000e+03
1.339000000000000000e+03
7.830000000000000000e+02
1.320000000000000000e+02
7.600000000000000000e+01
4.760000000000000000e+02
1.178000000000000000e+03
1.600000000000000000e+01
4.250000000000000000e+02
2.070000000000000000e+02
5.420000000000000000e+02
5.760000000000000000e+02
2.400000000000000000e+02
2.980000000000000000e+02
2.540000000000000000e+02
2.810000000000000000e+02
2.370000000000000000e+02
2.100000000000000000e+02
5.300000000000000000e+01
1.071000000000000000e+03
4.270000000000000000e+02
4.600000000000000000e+02
2.050000000000000000e+02
3.390000000000000000e+02
6.020000000000000000e+02
1.270000000000000000e+02
3.440000000000000000e+02
1.010000000000000000e+02
1.800000000000000000e+02
2.263000000000000000e+03
1.102000000000000000e+03
2.790000000000000000e+02
7.120000000000000000e+02
1.730000000000000000e+02
7.850000000000000000e+02
2.780000000000000000e+02
4.630000000000000000e+02
1.600000000000000000e+02
2.150000000000000000e+02
2.570000000000000000e+02
1.270000000000000000e+03
6.380000000000000000e+02
6.500000000000000000e+01
2.350000000000000000e+02
3.720000000000000000e+02
1.097000000000000000e+03
4.920000000000000000e+02
8.660000000000000000e+02
1.650000000000000000e+02
4.980000000000000000e+02
3.100000000000000000e+01
1.690000000000000000e+02
5.840000000000000000e+02
1.680000000000000000e+02
1.620000000000000000e+02
2.130000000000000000e+02
7.970000000000000000e+02
2.470000000000000000e+02
2.035000000000000000e+03
5.140000000000000000e+02
8.320000000000000000e+02
3.380000000000000000e+02
1.096000000000000000e+03
1.970000000000000000e+02
8.300000000000000000e+01
3.230000000000000000e+02
1.320000000000000000e+02
7.060000000000000000e+02
1.109000000000000000e+03
1.051000000000000000e+03
1.357000000000000000e+03
6.970000000000000000e+02
3.250000000000000000e+02
1.055000000000000000e+03
3.600000000000000000e+01
6.460000000000000000e+02
2.310000000000000000e+02
8.700000000000000000e+02
1.720000000000000000e+02
1.670000000000000000e+02
7.760000000000000000e+02
3.340000000000000000e+02
2.770000000000000000e+02
1.780000000000000000e+02
5.710000000000000000e+02
1.017000000000000000e+03
1.007000000000000000e+03
4.920000000000000000e+02
1.590000000000000000e+02
1.491000000000000000e+03
1.210000000000000000e+02
4.990000000000000000e+02
3.910000000000000000e+02
8.690000000000000000e+02
1.210000000000000000e+02
2.260000000000000000e+02
5.420000000000000000e+02
1.420000000000000000e+02
2.572000000000000000e+03
7.170000000000000000e+02
1.068000000000000000e+03
7.900000000000000000e+01
4.240000000000000000e+02
2.380000000000000000e+02
7.770000000000000000e+02
3.000000000000000000e+02
6.300000000000000000e+02
5.170000000000000000e+02
1.013000000000000000e+03
7.800000000000000000e+01
1.420000000000000000e+02
7.700000000000000000e+01
7.610000000000000000e+02
7.680000000000000000e+02
2.520000000000000000e+02
4.200000000000000000e+02
4.160000000000000000e+02
7.000000000000000000e+02
3.070000000000000000e+02
1.730000000000000000e+02
2.300000000000000000e+02
1.410000000000000000e+02
6.240000000000000000e+02
1.476000000000000000e+03
1.330000000000000000e+02
3.090000000000000000e+02
1.860000000000000000e+02
9.040000000000000000e+02
1.310000000000000000e+02
5.190000000000000000e+02
1.120000000000000000e+02
1.244000000000000000e+03
1.970000000000000000e+02
4.250000000000000000e+02
3.940000000000000000e+02
2.360000000000000000e+02
1.046000000000000000e+03
1.300000000000000000e+02
3.280000000000000000e+02
9.900000000000000000e+01
1.469000000000000000e+03
5.220000000000000000e+02
1.130000000000000000e+02
3.880000000000000000e+02
8.790000000000000000e+02
3.320000000000000000e+02
3.510000000000000000e+02
3.520000000000000000e+02
9.650000000000000000e+02
2.560000000000000000e+02
5.920000000000000000e+02
1.499000000000000000e+03
1.940000000000000000e+02
2.550000000000000000e+02
1.080000000000000000e+02
1.761000000000000000e+03
1.560000000000000000e+02
1.400000000000000000e+02
4.490000000000000000e+02
8.100000000000000000e+02
8.250000000000000000e+02
1.910000000000000000e+02
8.200000000000000000e+01
4.840000000000000000e+02
4.520000000000000000e+02
2.470000000000000000e+02
8.380000000000000000e+02
4.250000000000000000e+02
1.125000000000000000e+03
9.500000000000000000e+01
3.600000000000000000e+02
1.643000000000000000e+03
5.450000000000000000e+02
8.860000000000000000e+02
3.630000000000000000e+02
3.090000000000000000e+02
1.700000000000000000e+01
4.190000000000000000e+02
6.280000000000000000e+02
3.460000000000000000e+02
1.131000000000000000e+03
4.870000000000000000e+02
2.270000000000000000e+02
3.120000000000000000e+02
4.020000000000000000e+02
1.088000000000000000e+03
3.920000000000000000e+02
2.740000000000000000e+02
1.076000000000000000e+03
5.080000000000000000e+02
8.470000000000000000e+02
1.384000000000000000e+03
8.930000000000000000e+02
4.510000000000000000e+02
1.700000000000000000e+02
6.850000000000000000e+02
4.220000000000000000e+02
1.660000000000000000e+02
1.952000000000000000e+03
1.620000000000000000e+02
4.610000000000000000e+02
7.820000000000000000e+02
2.680000000000000000e+02
2.620000000000000000e+02
3.420000000000000000e+02
5.530000000000000000e+02
4.570000000000000000e+02
8.300000000000000000e+01
6.330000000000000000e+02
1.177000000000000000e+03
4.320000000000000000e+02
3.800000000000000000e+01
3.030000000000000000e+02
4.800000000000000000e+02
2.460000000000000000e+02
3.800000000000000000e+02
6.700000000000000000e+01
7.340000000000000000e+02
3.880000000000000000e+02
4.420000000000000000e+02
1.470000000000000000e+02
4.200000000000000000e+02
1.071000000000000000e+03
1.910000000000000000e+02
2.110000000000000000e+02
9.100000000000000000e+02
7.130000000000000000e+02
3.760000000000000000e+02
2.160000000000000000e+02
5.100000000000000000e+01
3.040000000000000000e+02
9.710000000000000000e+02
6.960000000000000000e+02
5.160000000000000000e+02
5.940000000000000000e+02
5.000000000000000000e+01
1.886000000000000000e+03
3.480000000000000000e+02
2.810000000000000000e+02
3.460000000000000000e+02
1.480000000000000000e+02
7.490000000000000000e+02
1.419000000000000000e+03
8.800000000000000000e+01
3.980000000000000000e+02
6.120000000000000000e+02
2.230000000000000000e+02
1.003000000000000000e+03
4.840000000000000000e+02
1.966000000000000000e+03
1.240000000000000000e+02
2.760000000000000000e+02
1.690000000000000000e+02
9.420000000000000000e+02
6.300000000000000000e+02
6.120000000000000000e+02
7.200000000000000000e+02
4.820000000000000000e+02
3.980000000000000000e+02
6.480000000000000000e+02
1.490000000000000000e+02
5.840000000000000000e+02
5.300000000000000000e+01
4.690000000000000000e+02
6.030000000000000000e+02
3.190000000000000000e+02
5.710000000000000000e+02
7.800000000000000000e+01
1.040000000000000000e+02
2.750000000000000000e+02
7.300000000000000000e+01
5.090000000000000000e+02
2.650000000000000000e+02
8.550000000000000000e+02
3.590000000000000000e+02
6.000000000000000000e+01
4.530000000000000000e+02
9.700000000000000000e+01
